NN = 2.7277687E-5
JJ = 5.3688393E-5
FF = 8.4260195E-5
SCP = 8.37942E-5
PRE = 8.5638436E-5
AUXA = 7.0279006E-5
PRD = 8.482484E-5
INJ = 8.49329E-5
PU = 4.8515427E-5
PRF = 8.513537E-5
VALA = 8.385041E-5
FR = 8.5287844E-5
PRP = 6.444545E-5
SC = 7.5306874E-5
PRS = 8.289812E-5
NNP = 6.365372E-5
PRR = 8.136697E-5
Q = 7.774236E-5
PRT = 7.711289E-5
OD = 8.263097E-5
PDM = 7.407956E-5
VBF = 4.738214E-5
VBI = 7.654623E-5
QM = 8.5653104E-5
CC = 6.9415524E-5
CD = 7.315289E-5
SYM = 8.3934865E-5
PSP = 3.7780046E-5
AUXT = 6.839477E-5
RB = 7.7633726E-5
NEG = 8.003201E-5
AUXP = 8.274721E-5
AUXM = 8.264463E-5
SCK = 8.178621E-5
APNA = 8.219628E-5
